0 0 0 0 0 0 0 0 0 0 0 0 0 0 0 0 0 0 0 0
0 0 20 16 13 13 13 13 13 13 13 23 13 13 13 13 13 13 18 35
0 0 20 17 14 14 14 14 14 14 14 24 14 14 14 14 14 14 19 35
0 0 20 1 1 1 1 1 1 1 1 1 1 1 1 1 1 1 1 35
0 0 20 1 1 1 1 1 1 1 1 1 1 1 1 1 1 1 1 35
0 0 20 1 1 1 1 1 1 1 1 1 1 1 1 1 1 1 1 35
0 0 20 1 1 1 1 1 1 1 1 1 1 1 1 1 1 1 1 35
0 0 20 1 1 1 1 1 1 1 1 1 1 1 1 1 1 1 1 35
0 0 32 1 1 1 1 1 1 1 1 1 1 1 1 1 1 1 1 35
0 0 31 1 1 1 1 1 1 1 1 1 1 1 1 1 1 1 1 35
0 0 21 1 1 1 1 1 1 1 1 1 1 1 1 1 1 1 1 36
0 0 0 15 15 15 15 15 15 15 15 15 15 15 15 15 15 15 15 0