0 0 0 0 0 0 0 0 0 0 0 0 0 0 0 0 0 0 0 0
0 0 0 0 0 20 16 13 13 13 13 13 18 35 0 0 0 0 0 0
0 0 0 0 0 20 17 14 14 14 14 14 19 35 0 0 0 0 0 0
0 0 0 0 0 20 1 1 1 1 1 1 1 35 0 0 0 0 0 0
0 0 0 0 0 20 1 1 1 1 1 1 11 33 0 0 0 0 0 0
0 0 0 0 0 20 1 1 1 1 1 1 1 34 0 0 0 0 0 0
0 0 0 0 0 20 1 1 1 1 1 1 1 35 0 0 0 0 0 0
0 0 0 0 0 20 1 1 1 1 1 1 1 35 0 0 0 0 0 0
0 0 0 0 0 20 1 1 1 1 1 1 1 35 0 0 0 0 0 0
0 0 0 0 0 20 1 1 1 1 1 1 1 35 0 0 0 0 0 0
0 0 0 0 0 21 1 1 1 1 1 1 1 36 0 0 0 0 0 0
0 0 0 0 0 0 15 15 15 15 15 15 15 0 0 0 0 0 0