0 0 0 0 0 0 0 0 0 0 0 0 0 0 0 0 0 0 0 0
0 0 0 0 0 0 20 13 23 13 13 13 13 35 0 0 0 0 0 0
0 0 0 0 0 0 20 14 24 14 14 14 14 35 0 0 0 0 0 0
0 0 0 0 0 0 20 2 2 2 2 2 2 35 0 0 0 0 0 0
0 0 0 0 0 0 20 2 2 2 2 2 2 35 0 0 0 0 0 0
0 0 0 0 0 0 20 2 2 2 2 2 2 35 0 0 0 0 0 0
0 0 0 0 0 0 20 2 2 2 2 2 2 35 0 0 0 0 0 0
0 0 0 0 0 0 20 2 2 2 2 2 2 33 0 0 0 0 0 0
0 0 0 0 0 0 20 2 2 2 2 2 2 34 0 0 0 0 0 0
0 0 0 0 0 0 20 2 2 2 2 2 2 35 0 0 0 0 0 0
0 0 0 0 0 0 22 2 2 2 2 2 2 36 0 0 0 0 0 0
0 0 0 0 0 0 0 15 15 15 15 15 15 0 0 0 0 0 0 0