0 0 13 13 13 13 13 13 13 13 13 13 13 13 13 13 13 35 0 0 20 13 13 13 13 13 13 13 13 13 13 13 13 13 13 13 35 0 0 20 13 13 13 13 13 13 13 13 13 13 13 13 13 13 13 0 0 0 0 0 0 0 0 0 0 0 0 0 0 0 0 0
0 0 14 14 14 14 14 14 14 14 14 14 14 14 14 14 14 35 0 0 20 14 14 14 14 14 14 14 14 14 14 14 14 14 14 14 35 0 0 20 14 14 14 14 14 14 14 14 14 14 14 14 14 14 14 0 0 0 0 0 0 0 0 0 0 0 0 0 0 0 0 0
0 20 1 1 1 1 1 1 1 1 1 1 1 1 1 1 1 35 0 0 20 1 1 1 1 1 1 1 1 1 1 1 1 1 1 1 13 13 13 13 1 1 1 1 1 1 1 1 1 1 1 1 1 1 1 13 13 13 13 35 0 0 0 0 0 20 13 13 13 13 35 0
0 20 1 1 1 1 1 1 1 1 1 1 1 1 1 1 1 35 0 0 20 1 0 0 1 0 0 1 1 1 0 0 1 0 0 1 14 14 14 14 1 1 1 1 1 1 1 1 1 1 1 1 1 1 1 14 14 14 14 35 0 0 0 0 0 20 14 14 14 14 35 0
0 20 1 1 1 1 1 1 1 1 1 1 0 0 1 1 1 35 0 0 20 1 0 0 1 0 0 1 1 1 0 0 1 0 0 1 1 1 1 1 1 1 0 0 1 1 1 1 1 1 1 0 0 1 1 1 1 1 1 35 0 0 0 0 0 20 1 1 1 1 35 0
0 20 1 1 1 1 1 1 1 1 1 1 0 0 1 1 1 35 0 0 20 1 1 1 1 1 1 1 1 1 1 1 1 1 1 1 1 1 1 1 1 1 0 0 1 1 1 1 1 1 1 0 0 1 1 1 1 1 1 35 0 0 0 0 0 20 1 1 1 1 35 0
0 20 1 1 1 1 1 1 1 0 0 0 0 1 1 1 1 35 0 0 20 1 1 1 1 0 0 1 1 1 0 0 1 1 1 1 15 15 15 15 1 1 1 1 1 1 1 1 1 1 1 1 1 1 1 1 1 1 1 35 0 0 0 0 0 20 1 1 1 1 35 0
0 20 1 1 1 1 1 1 1 0 0 0 0 1 1 1 1 13 13 13 13 1 1 1 1 0 0 1 1 1 0 0 1 1 1 1 35 0 0 20 1 1 1 1 1 0 0 1 0 0 1 1 1 1 1 1 1 1 1 35 0 0 0 0 0 20 1 1 1 1 35 0
0 20 1 1 1 1 1 1 1 1 1 1 1 1 1 1 1 14 14 14 14 1 1 1 1 0 0 1 1 1 0 0 1 1 1 1 35 0 0 20 1 1 1 1 1 0 1 1 1 0 1 1 1 1 1 1 1 1 1 13 13 13 13 13 13 13 1 1 1 1 35 0
0 20 1 1 1 1 1 1 1 1 1 1 1 1 1 1 1 1 1 1 1 1 1 1 1 0 0 1 1 1 0 0 1 1 1 1 35 0 0 20 1 1 1 1 1 1 1 1 1 1 1 1 1 1 1 1 1 1 1 14 14 14 14 14 14 14 1 1 1 1 35 0
0 20 1 1 1 1 1 1 1 1 1 1 1 1 1 1 1 1 1 1 1 1 1 1 1 0 0 1 1 1 0 0 1 1 1 1 35 0 0 20 1 1 1 1 1 0 1 1 1 0 1 1 1 1 1 1 1 1 1 1 1 1 1 1 1 1 1 1 1 1 35 0
0 20 1 1 1 1 1 1 1 1 1 1 1 1 1 1 1 15 15 15 15 1 1 1 1 0 0 1 1 1 0 0 1 1 1 1 13 13 13 13 1 1 1 1 1 0 0 1 0 0 1 1 1 1 1 1 1 1 1 1 1 1 1 1 1 1 1 1 1 1 35 0
0 20 1 1 1 1 1 1 1 0 0 0 0 1 1 1 1 35 0 0 20 1 1 1 1 0 0 1 1 1 0 0 1 1 1 1 14 14 14 14 1 1 1 1 1 1 1 1 1 1 1 1 1 1 1 1 1 1 1 15 15 15 15 15 15 15 15 15 15 0 0 0
0 20 1 1 1 1 1 1 1 0 0 0 0 1 1 1 1 35 0 0 20 1 1 1 1 0 0 1 1 1 0 0 1 1 1 1 1 1 1 1 1 1 0 0 1 1 1 1 1 1 1 0 0 1 1 1 1 1 1 35 0 0 0 0 0 0 0 0 0 0 0 0
0 20 1 1 1 1 1 1 1 1 1 1 0 0 1 1 1 35 0 0 20 1 1 1 1 1 1 1 1 1 1 1 1 1 1 1 1 1 1 1 1 1 0 0 1 1 1 1 1 1 1 0 0 1 1 1 1 1 1 35 0 0 0 0 0 0 0 0 0 0 0 0
0 20 1 1 1 1 1 1 1 1 1 1 0 0 1 1 1 35 0 0 20 1 0 0 1 0 0 1 1 1 0 0 1 0 0 1 15 15 15 15 1 1 1 1 1 1 1 1 1 1 1 1 1 1 1 1 1 1 1 35 0 0 0 0 0 0 0 0 0 0 0 0
0 20 1 1 1 1 1 1 1 1 1 1 1 1 1 1 1 35 0 0 20 1 0 0 1 0 0 1 1 1 0 0 1 0 0 1 35 0 0 20 1 1 1 1 1 1 1 1 1 1 1 1 1 1 1 35 0 0 0 0 0 0 0 0 0 0 0 0 0 0 0 0
0 20 1 1 1 1 1 1 1 1 1 1 1 1 1 1 1 35 0 0 20 1 1 1 1 1 1 1 1 1 1 1 1 1 1 1 35 0 0 20 1 1 1 1 1 1 1 1 1 1 1 1 1 1 1 35 0 0 0 0 0 0 0 0 0 0 0 0 0 0 0 0
0 0 15 15 15 15 15 15 15 15 15 15 15 15 15 15 15 0 0 0 0 15 15 15 15 15 15 15 15 15 15 15 15 15 15 15 0 0 0 0 15 15 15 15 15 15 15 15 15 15 15 15 15 15 15 0 0 0 0 0 0 0 0 0 0 0 0 0 0 0 0 0
0 0 0 0 0 0 0 0 0 0 0 0 0 0 0 0 0 0 0 0 0 0 0 0 0 0 0 0 0 0 0 0 0 0 0 0 0 0 0 0 0 0 0 0 0 0 0 0 0 0 0 0 0 0 0 0 0 0 0 0 0 0 0 0 0 0 0 0 0 0 0 0