0 0 0 0 0 0 0 0 0 0 0 0 0 0 0 0 0 0 0 0 0 0 0 0 0 0 0 0 0 0 0 0 0 0 0 0 0 0 0 0 0 0 0 0 0 0 0 0 0 0 0 0 0 0 0 0 0 0 0 0
20 13 13 13 13 13 13 13 13 13 13 13 13 13 13 13 13 13 13 35 0 0 0 0 0 0 20 13 13 13 13 13 13 35 0 0 0 0 0 0 20 13 13 13 13 13 13 13 13 13 13 13 13 13 13 13 13 13 13 35
20 14 14 14 14 14 14 14 14 14 14 14 14 14 14 14 14 14 14 35 0 0 0 0 0 0 20 14 14 14 14 14 14 35 0 0 0 0 0 0 20 14 14 14 14 14 14 14 14 14 14 14 14 14 14 14 14 14 14 35
20 1 1 1 1 1 1 1 1 1 1 1 1 1 1 1 1 1 1 35 0 0 0 0 0 0 20 1 1 1 1 1 1 35 0 0 0 0 0 0 20 1 1 1 1 1 1 1 1 1 1 1 1 1 1 1 1 1 1 35
20 1 1 1 1 1 1 1 1 1 1 1 1 1 1 1 1 1 1 35 0 0 0 0 0 0 20 1 1 1 1 1 1 35 0 0 0 0 0 0 20 1 1 1 1 1 1 1 1 1 1 1 1 1 1 1 1 1 1 35
20 1 1 1 1 1 1 1 1 1 1 1 1 1 1 1 1 1 1 35 0 0 0 0 0 0 20 1 1 1 1 1 1 35 0 0 0 0 0 0 20 1 1 1 1 1 1 1 1 1 1 1 1 1 1 1 1 1 1 35
20 13 13 13 13 13 13 13 13 13 13 13 13 13 13 13 13 13 13 35 0 0 0 0 0 0 20 13 13 13 13 13 13 35 0 0 0 0 0 0 20 13 13 13 13 13 13 13 13 13 13 13 13 13 13 13 13 13 13 35
20 14 14 14 14 14 14 14 14 14 14 14 14 14 14 14 14 14 14 35 0 0 0 0 0 0 20 14 14 14 14 14 14 35 0 0 0 0 0 0 20 14 14 14 14 14 14 14 14 14 14 14 14 14 14 14 14 14 14 35
20 1 1 1 1 1 1 1 1 1 1 1 1 1 1 1 1 1 1 35 0 0 0 0 0 0 20 1 1 1 1 1 1 35 0 0 0 0 0 0 20 1 1 1 1 1 1 1 1 1 1 1 1 1 1 1 1 1 1 35
20 1 1 1 1 1 1 1 1 1 1 1 1 1 1 1 1 1 1 35 0 0 0 0 0 0 20 1 1 1 1 1 1 35 0 0 0 0 0 0 20 1 1 1 1 1 1 1 1 1 1 1 1 1 1 1 1 1 1 35
20 13 13 13 13 13 13 13 13 13 13 13 13 13 13 13 13 13 13 35 0 0 0 0 0 0 20 13 13 13 13 13 13 35 0 0 0 0 0 0 20 13 13 13 13 13 13 13 13 13 13 13 13 13 13 13 13 13 13 35
20 14 14 14 14 14 14 14 14 14 14 14 14 14 14 14 14 14 14 35 0 0 0 0 0 0 20 14 14 14 14 14 14 35 0 0 0 0 0 0 20 14 14 14 14 14 14 14 14 14 14 14 14 14 14 14 14 14 14 35
20 1 1 1 1 1 1 1 1 1 1 1 1 1 1 1 1 1 1 35 0 0 0 0 0 0 20 1 1 1 1 1 1 35 0 0 0 0 0 0 20 1 1 1 1 1 1 1 1 1 1 1 1 1 1 1 1 1 1 35
20 1 1 1 1 1 1 1 1 1 1 1 1 1 1 1 1 1 1 35 0 0 0 0 0 0 20 1 1 1 1 1 1 35 0 0 0 0 0 0 20 1 1 1 1 1 1 1 1 1 1 1 1 1 1 1 1 1 1 35
20 13 13 13 13 13 13 13 13 13 13 13 13 13 13 13 13 13 13 35 0 0 0 0 0 0 20 13 13 13 13 13 13 35 0 0 0 0 0 0 20 13 13 13 13 13 13 13 13 13 13 13 13 13 13 13 13 13 13 35
20 14 14 14 14 14 14 14 14 14 14 14 14 14 14 14 14 14 14 35 0 0 0 0 0 0 20 14 14 14 14 14 14 35 0 0 0 0 0 0 20 14 14 14 14 14 14 14 14 14 14 14 14 14 14 14 14 14 14 35
20 1 1 1 1 1 1 1 1 1 1 1 1 1 1 1 1 1 1 35 0 0 0 0 0 0 20 1 1 1 1 1 1 35 0 0 0 0 0 0 20 1 1 1 1 1 1 1 1 1 1 1 1 1 1 1 1 1 1 35
20 1 1 1 1 1 1 1 1 1 1 1 1 1 1 1 1 1 1 35 0 0 0 0 0 0 20 1 1 1 1 1 1 35 0 0 0 0 0 0 20 1 1 1 1 1 1 1 1 1 1 1 1 1 1 1 1 1 1 35
21 13 13 13 13 13 13 13 13 13 13 13 13 13 13 13 13 13 13 36 0 0 0 0 0 0 21 13 13 13 13 13 13 36 0 0 0 0 0 0 21 13 13 13 13 13 13 13 13 13 13 13 13 13 13 13 13 13 13 36
0 15 15 15 15 15 15 15 15 15 15 15 15 15 15 15 15 15 15 0 0 0 0 0 0 0 0 15 15 15 15 15 15 0 0 0 0 0 0 0 0 15 15 15 15 15 15 15 15 15 15 15 15 15 15 15 15 15 15 0


