0 0 0 0 0 0 0 0 0 0 20 1 1 1 1 1 1 35 0 0
0 0 0 0 0 0 0 0 0 0 20 1 1 1 1 1 1 35 0 0 0 0 0 0
0 0 0 0 0 0 0 0 0 0 21 1 1 1 1 1 1 36 0 0 0 0 0 0
20 13 13 13 23 13 13 13 13 13 13 1 1 1 1 1 1 35 0 0 0 0 0 0
20 14 14 14 24 14 14 14 14 14 14 1 1 1 1 1 1 35 0 0 0 0 0 0
20 1 1 1 1 1 1 1 1 1 1 1 1 1 1 1 1 35 0 0 0 0 0 0
20 1 1 1 1 1 1 1 1 1 1 1 1 1 1 1 1 35 0 0 0 0 0 0
20 1 1 1 1 1 1 1 1 1 1 1 1 1 1 1 1 35 0 0 0 0 0 0
20 1 1 1 1 1 1 1 1 1 1 1 1 1 1 1 1 33 0 0 0 0 0 0
20 1 1 1 1 1 1 1 1 1 1 1 1 1 1 1 1 34 0 0 0 0 0 0
21 1 1 1 1 1 1 1 1 1 1 1 1 1 1 1 1 36 0 0 0 0 0 0
0 15 15 15 15 15 15 15 15 15 15 15 15 15 15 15 15 0 0 0 0 0 0 0

