0 0 0 0 0 0 0 0 0 0 0 0 0 0 0 0 0 0 0 0
20 13 13 13 13 13 13 13 13 13 13 13 13 13 13 13 13 13 13 35
20 14 14 14 14 14 14 14 14 14 14 14 14 14 14 14 14 14 14 35
20 1 1 1 1 1 1 1 1 1 1 1 1 1 1 1 1 1 1 35
20 1 1 1 1 1 1 1 1 1 1 1 1 1 1 1 1 1 1 35
20 1 1 1 1 1 1 1 1 1 1 1 1 1 1 1 1 1 1 35
20 1 1 1 1 1 1 1 1 1 1 1 1 1 1 1 1 1 1 35
20 1 1 1 1 1 1 1 1 1 1 1 1 1 1 1 1 1 1 35
32 1 1 1 1 1 1 1 1 1 1 1 1 1 1 1 1 1 1 35
31 1 1 1 1 1 1 1 1 1 1 1 1 1 1 1 1 1 1 35
21 1 1 1 1 1 1 1 1 1 1 1 1 1 1 1 1 1 1 36
0 15 15 15 15 15 15 15 15 15 15 15 15 15 15 15 15 15 15 0